++++++++++++++++++++++++ AC ++++++++++++++++++++++++

			| ON |

#define RAW_DATA_LEN 100
uint16_t rawData [RAW_DATA_LEN]={
	5902, 7478, 502, 3466, 498, 3466, 494, 3466, 
	502, 3466, 498, 3462, 502, 1470, 498, 1470, 
	498, 3466, 498, 1470, 498, 1498, 498, 1470, 
	498, 1470, 498, 1498, 498, 3466, 498, 3466, 
	498, 1470, 498, 1470, 498, 3466, 498, 3466, 
	498, 1474, 498, 1494, 498, 1474, 498, 3466, 
	498, 1470, 498, 3466, 498, 1470, 498, 1498, 
	498, 3466, 498, 3466, 498, 3466, 494, 1474, 
	498, 3466, 498, 3466, 494, 1474, 498, 3466, 
	498, 1470, 498, 3466, 498, 1498, 498, 1470, 
	498, 1470, 498, 1474, 498, 3462, 526, 1470, 
	498, 3466, 498, 1470, 498, 3466, 498, 3466, 
	498, 3466, 498, 1000};

			| OFF |

#define RAW_DATA_LEN 100
uint16_t rawData [RAW_DATA_LEN]={
	5926, 7454, 498, 3466, 498, 3466, 522, 3442, 
	526, 3438, 498, 3466, 498, 1470, 498, 1498, 
	498, 3438, 502, 1494, 498, 1474, 494, 1474, 
	498, 1494, 498, 1474, 498, 3466, 498, 3466, 
	498, 1470, 498, 1470, 498, 3466, 498, 3466, 
	522, 3442, 498, 1498, 498, 1470, 498, 3466, 
	498, 1470, 498, 3466, 522, 1446, 498, 1498, 
	498, 1470, 498, 3466, 498, 3466, 498, 1470, 
	498, 3466, 498, 3466, 498, 1470, 502, 3462, 
	498, 1498, 498, 3466, 498, 1470, 498, 1470, 
	502, 1470, 498, 1494, 502, 3462, 498, 1474, 
	498, 3462, 502, 1470, 522, 3442, 498, 3466, 
	498, 3466, 498, 1000};

			| temperture UP |

#define RAW_DATA_LEN 100
uint16_t rawData [RAW_DATA_LEN]={
	5842, 7538, 418, 3546, 418, 3546, 418, 3546, 
	466, 3498, 418, 3546, 414, 1582, 414, 1554, 
	418, 3546, 414, 1554, 418, 1550, 466, 1530, 
	418, 1550, 438, 1530, 466, 3498, 418, 3546, 
	418, 1550, 466, 1530, 418, 3546, 418, 3546, 
	466, 3498, 418, 1550, 418, 1554, 414, 3546, 
	418, 1554, 462, 3498, 418, 1578, 466, 1506, 
	414, 1554, 414, 3550, 414, 3550, 414, 1582, 
	414, 3522, 414, 3550, 414, 1578, 418, 3546, 
	418, 1554, 414, 3546, 458, 1514, 414, 1582, 
	414, 1554, 414, 1554, 418, 3546, 418, 1550, 
	418, 3546, 418, 1578, 414, 3550, 438, 3526, 
	414, 3522, 418, 1000};

			| temperture DOWN |

#define RAW_DATA_LEN 100
uint16_t rawData [RAW_DATA_LEN]={
	5902, 7478, 502, 3462, 498, 3466, 498, 3466, 
	498, 3466, 498, 3466, 498, 1474, 494, 1474, 
	498, 3462, 498, 1474, 498, 1494, 502, 1470, 
	498, 1470, 498, 1498, 498, 3466, 498, 3462, 
	502, 1470, 498, 1470, 498, 3466, 498, 3466, 
	498, 3466, 498, 3466, 498, 3466, 498, 3466, 
	522, 1446, 498, 3466, 498, 1470, 498, 1498, 
	498, 1470, 502, 1466, 498, 1498, 498, 1470, 
	498, 3466, 498, 3466, 498, 1470, 498, 3466, 
	498, 1470, 502, 3462, 498, 1498, 498, 1474, 
	494, 1474, 498, 1470, 498, 3462, 502, 1494, 
	502, 3462, 526, 1446, 498, 3466, 498, 3462, 
	502, 3462, 502, 1000};

++++++++++++++++++++++++ Fan ++++++++++++++++++++++++

			| PWOER |

#define FAN_SWITCH_RAW_DATA_LEN 68
uint16_t FAN_SWITCH_rawData[RAW_DATA_LEN]={
	9030, 4466, 594, 558, 574, 558, 578, 558, 
	574, 558, 578, 1662, 578, 1662, 578, 558, 
	574, 558, 574, 1666, 578, 1662, 578, 1666, 
	574, 1666, 574, 558, 578, 554, 578, 1662, 
	578, 1662, 582, 554, 578, 554, 578, 558, 
	578, 1662, 578, 554, 578, 554, 578, 558, 
	578, 1662, 578, 1662, 578, 1662, 578, 1662, 
	582, 554, 602, 1638, 578, 1662, 578, 1662, 
	578, 554, 582, 1000};

			| + |

#define RAW_DATA_LEN 68
uint16_t rawData [RAW_DATA_LEN]={
	9034, 4482, 578, 554, 578, 558, 578, 554, 
	578, 558, 578, 1662, 578, 1662, 578, 558, 
	578, 554, 578, 1662, 578, 1662, 578, 1662, 
	578, 1666, 578, 554, 578, 558, 578, 1662, 
	578, 1662, 582, 554, 578, 1662, 578, 1662, 
	578, 558, 578, 554, 578, 558, 578, 554, 
	578, 1662, 578, 1662, 578, 558, 578, 554, 
	578, 1662, 578, 1666, 574, 1666, 578, 1662, 
	578, 558, 578, 1000};

			| - |

#define RAW_DATA_LEN 68
uint16_t rawData [RAW_DATA_LEN]={
	9014, 4482, 578, 554, 578, 558, 578, 554, 
	578, 554, 578, 1662, 582, 1662, 578, 554, 
	578, 554, 578, 1666, 578, 1658, 582, 1662, 
	578, 1662, 578, 554, 578, 554, 582, 1662, 
	578, 1662, 578, 1662, 578, 1662, 578, 1662, 
	582, 554, 578, 554, 606, 526, 582, 554, 
	578, 1662, 578, 554, 582, 554, 578, 554, 
	578, 1662, 578, 1662, 582, 1658, 582, 1658, 
	582, 554, 578, 1000};

			| Oscillation |

#define RAW_DATA_LEN 68
uint16_t rawData [RAW_DATA_LEN]={
	9030, 4482, 578, 554, 578, 554, 578, 554, 
	582, 554, 578, 1658, 582, 1658, 582, 554, 
	578, 554, 578, 1662, 578, 1662, 602, 1638, 
	578, 1658, 582, 554, 578, 554, 578, 1662, 
	578, 1662, 606, 1634, 578, 554, 606, 1634, 
	582, 554, 578, 554, 578, 554, 582, 554, 
	578, 1662, 578, 554, 578, 1662, 582, 554, 
	578, 1662, 578, 1662, 578, 1662, 578, 1662, 
	578, 554, 578, 1000};

			| LIGHT |

#define RAW_DATA_LEN 68
uint16_t rawData [RAW_DATA_LEN]={
	8954, 4562, 502, 634, 498, 634, 502, 634, 
	498, 634, 498, 1726, 518, 1722, 518, 634, 
	498, 638, 498, 1742, 498, 1722, 518, 1742, 
	502, 1742, 498, 634, 498, 634, 502, 1722, 
	518, 1742, 498, 634, 498, 638, 498, 1722, 
	518, 1722, 522, 614, 518, 634, 498, 618, 
	518, 1742, 498, 1742, 502, 1742, 498, 634, 
	498, 634, 498, 1726, 518, 1742, 498, 1722, 
	518, 638, 498, 1000};

			| timer on |

#define RAW_DATA_LEN 68
uint16_t rawData [RAW_DATA_LEN]={
	9038, 4482, 578, 554, 582, 550, 582, 554, 
	578, 554, 582, 1658, 582, 1662, 578, 554, 
	606, 526, 582, 1662, 602, 1638, 578, 1662, 
	578, 1662, 602, 530, 582, 554, 578, 1662, 
	578, 1662, 578, 1662, 578, 554, 582, 1658, 
	606, 530, 578, 1662, 602, 530, 582, 554, 
	578, 1662, 578, 554, 578, 1662, 578, 558, 
	578, 1658, 582, 554, 578, 1662, 578, 1662, 
	578, 554, 606, 1000};

			| timer off |

#define RAW_DATA_LEN 68
uint16_t rawData [RAW_DATA_LEN]={
	9034, 4482, 578, 554, 578, 554, 582, 554, 
	578, 554, 582, 1658, 582, 1658, 582, 554, 
	578, 554, 582, 1658, 582, 1662, 578, 1662, 
	578, 1662, 582, 554, 578, 554, 578, 1662, 
	578, 1662, 578, 554, 582, 554, 578, 1662, 
	578, 1662, 578, 1662, 578, 554, 606, 530, 
	578, 1662, 578, 1662, 578, 1662, 578, 554, 
	582, 550, 582, 554, 578, 1662, 578, 1662, 
	578, 554, 582, 1000};

			| MODE |

#define RAW_DATA_LEN 68
uint16_t rawData [RAW_DATA_LEN]={
	9030, 4482, 578, 558, 578, 554, 578, 554, 
	602, 530, 578, 1666, 574, 1662, 606, 530, 
	578, 554, 586, 1654, 578, 1662, 578, 1662, 
	602, 1638, 578, 558, 578, 554, 578, 1662, 
	582, 1658, 578, 1662, 578, 1662, 578, 554, 
	578, 558, 578, 554, 578, 554, 602, 530, 
	578, 1662, 578, 558, 574, 558, 578, 1662, 
	578, 1662, 578, 1662, 578, 1662, 578, 1662, 
	578, 554, 602, 1000};